[108.0731738824391, 0, 319.4999997880063;
 0, 23.81881674381587, 239.5000016571169;
 0, 0, 1]
[-0.01347174888481296;
 3.846380216977339e-05;
 -0.003257042857111512;
 3.459627776273686e-05;
 -2.770817555401041e-08]

Error: 67.3195
[796.3054776488668, 0, 343.0586855341847;
 0, 72.37765059051364, 222.481762478045;
 0, 0, 1]
[508.8384589627149;
 -11945.43529159334;
 -1.360851860117429;
 2.038995258231211;
 82264.38709503177]

Error: 58.8075
[2960.122959511369, 0, 715.7394775361468;
 0, 433.318061260517, 181.4222435534344;
 0, 0, 1]
[10.48151229755891;
 -41.09298006492983;
 0.234903288260828;
 1.334887175219086;
 97.21285660976446]

Error: 0.297936
[384.8156600568191, 0, 324.0743160813822;
 0, 385.6417742825542, 243.5872251288455;
 0, 0, 1]
[-0.06456556984873951;
 0.08738224785458196;
 0.001220983520104041;
 0.001826405907161455;
 -0.033195537518265]
0                                                          %
